total_episodes: 15174
in_warmup: False
warmup_remaining: 0
success_rate: 0.99
success_radius: 2.0
sampling_weights: {8: 0.049999000041050505, 16: 0.05154301356675955, 32: 0.06435041479861976, 64: 0.8341075715935702}
per_size_success: {8: 0.9, 16: 0.98, 32: 1.0, 64: 1.0}
window_fill: 200
